211,220045,Heart_Rate
51,442,455,6701,220179,220050,Sys_BP
8368,8440,8441,8555,220180,220051,Dias_BP
456,52,6702,443,220052,220181,225312,Mean_BP
615,618,220210,224690,Resp_Rate
223761,678,223762,676,Temp
646,220277,SpO2
807,811,1529,3745,3744,225664,220621,226537,Glucose
445,448,449,450,1340,1486,1600,224687,Minute_Volume
639,654,681,682,683,684,224685,224684,224686,Tidal_Volume
218,436,535,444,459,224697,224695,224696,224746,224747,Resp_Pressure
221,1,1211,1655,2000,226873,224738,224419,224750,227187,Insp_Pressure
543,Plateau_Pressure
5865,5866,224707,224709,224705,224706,APRV_Pressure
60,437,505,506,686,220339,224700,PEEP
141,224417,224418,Cuff_Pressure
3459,High_Pressure_Release
501,502,503,224702,PCV
223,667,668,669,670,671,672,TCPCV
467,O2_From_Ventilator
578,3605,Pressure_Support
3688,3689,Vt_Inches
63,64,65,66,67,68,227579,227580,227582,227581,BIPAP
157,158,1852,3398,3399,3400,3401,3402,3403,3404,8382,227809,227810,ETT
224701,PSV_level
223835,3420,190,3422,Fi_O2
614,615,619,653,224688,224690,224689,Resp_Rate
194,195,224691,Flow_By
470,471,223834,227287,O2_Flow
648,Speech_Intubated
40055,43175,40069,40094,40715,40473,40085,40057,40056,40405,40428,40086,40096,40651,226559,226560,227510,226561,226584,226563,226564,226565,226567,226557,226558,Urine_Out
723,223900,GCS_Verbal
454,223901,GCS_Motor
184,220739,GCS_Eyes
1521,227456,772,Albumin
773,225612,Alkaline_Phosphate
769,220644,ALTw
770,220587,AST
1162,225624,781,BUN
1522,786,225625,Calcium
787,227443,Bicarbonate
1523,788,220602,226526,Chloride
225634,784,CK
227445,785,CPK/MB
1525,220615,791,Creatinine
1530,227467,815,INR
814,220228,Hemoglobin
813,220545,226540,Hematocrit
1531,225668,818, Lactic_Acid
817,220632,LDH
1532,220635,821,Magnesium
780,223830,Arterial_pH
1534,225677,827,Phosphorous
227457,828,Platelets
1535,829,227442,227464,Potassium
226534,837,1536,220645,Sodium
1538,848,225690,Total_Bili
851,227429,Troponin
1542,220546,1127,861,WBC