1
1046
1125
1126
1127
113
116
1162
1211
128
1340
141
1486
1517
1521
1522
1523
1525
1529
1530
1531
1532
1534
1535
1536
1538
1542
157
158
1600
1655
184
1852
190
194
195
198
2000
211
212
218
220045
220050
220051
220052
220074
220179
220180
220181
220210
220224
220227
220228
220235
220277
220339
220545
220546
220587
220602
220615
220621
220632
220635
220644
220645
220739
221
223
223758
223761
223762
223769
223770
223830
223834
223835
223900
223901
224417
224418
224419
224421
224422
224684
224685
224686
224687
224688
224689
224690
224691
224695
224696
224697
224700
224701
224702
224705
224706
224707
224709
224738
224746
224747
224750
225126
225312
225612
225624
225625
225634
225664
225668
225677
225690
225698
226512
226526
226534
226536
226537
226540
226557
226558
226559
226560
226561
226563
226564
226565
226567
226584
226707
226873
227073
227187
227287
227429
227442
227443
227445
227456
227457
227464
227467
227468
227510
227579
227580
227581
227582
227809
227810
3398
3399
3400
3401
3402
3403
3404
3420
3422
3459
3605
3688
3689
3744
3745
40055
40056
40057
40069
40085
40086
40094
40096
40405
40428
40473
40651
40715
43175
436
437
442
443
444
445
448
449
450
454
455
456
459
467
470
471
492
501
502
503
504
505
506
51
52
535
543
578
5865
5866
60
614
615
618
619
626
63
639
64
646
648
65
651
652
653
654
66
667
668
669
67
670
6701
6702
671
672
676
677
678
679
68
681
682
683
684
686
69
720
723
732
762
769
770
772
773
777
778
779
780
781
784
785
786
787
788
791
793
806
807
811
813
814
815
817
818
821
827
828
829
833
834
8368
837
8382
8440
8441
8448
848
851
855
8555
861
920
924
925
926